2459,1063,2630,1071,2616,1374,2444,1366
2062,1231,2225,1231,2225,1393,2062,1393
2256,1231,2418,1231,2418,2056,2256,2056
1875,1237,2043,1237,2043,1675,1875,1675
1712,1256,1856,1256,1856,1406,1712,1406
2068,1356,2231,1356,2231,2075,2068,2075
2457,1353,2621,1357,2611,1802,2447,1799
643,1381,787,1381,787,1631,643,1631
1694,1386,1871,1387,1862,2950,1685,2949
637,1600,1043,1600,1043,2481,637,2481
1887,1643,2012,1643,2012,1812,1887,1812
2453,1771,2598,1778,2578,2198,2433,2191
1885,1782,2049,1790,2022,2324,1857,2315
425,2018,650,2018,650,2300,425,2300
2248,2022,2402,2026,2392,2452,2238,2449
2048,2041,2214,2044,2199,2939,2034,2936
2439,2164,2579,2171,2542,2955,2401,2948
1881,2287,2006,2287,2006,2556,1881,2556
2244,2418,2402,2429,2362,2964,2204,2953
1868,2537,2012,2537,2012,2812,1868,2812
1881,2800,1993,2800,1993,2937,1881,2937
81,3006,181,3006,181,3043,81,3043
181,3012,243,3012,243,3043,181,3043
1056,3025,1143,3025,1143,3068,1056,3068
1143,3025,1250,3025,1250,3068,1143,3068
75,3075,137,3075,137,3112,75,3112
131,3075,250,3075,250,3112,131,3112
250,3081,368,3081,368,3118,250,3118
375,3079,478,3088,474,3127,372,3117
468,3087,556,3087,556,3125,468,3125
737,3087,818,3087,818,3125,737,3125
550,3093,637,3093,637,3125,550,3125
631,3093,743,3093,743,3131,631,3131
812,3093,887,3093,887,3131,812,3131
893,3093,981,3093,981,3131,893,3131
1050,3093,1118,3093,1118,3137,1050,3137
1112,3100,1175,3100,1175,3137,1112,3137
1175,3100,1218,3100,1218,3137,1175,3137
1218,3100,1306,3100,1306,3137,1218,3137
1306,3100,1437,3100,1437,3143,1306,3143
1438,3096,1547,3109,1542,3152,1433,3139
1543,3106,1625,3106,1625,3143,1543,3143
1631,3112,1693,3112,1693,3143,1631,3143
1693,3112,1781,3112,1781,3150,1693,3150
1781,3112,1818,3112,1818,3137,1781,3137
1831,3112,1912,3112,1912,3150,1831,3150
1912,3112,1993,3112,1993,3150,1912,3150
2087,3112,2162,3112,2162,3143,2087,3143
75,3118,143,3118,143,3150,75,3150
143,3118,218,3118,218,3156,143,3156
218,3118,300,3118,300,3156,218,3156
2156,3118,2237,3118,2237,3150,2156,3150
2237,3118,2431,3118,2431,3150,2237,3150
2437,3118,2487,3118,2487,3150,2437,3150
2481,3118,2606,3118,2606,3156,2481,3156
2606,3118,2768,3118,2768,3156,2606,3156
2888,3116,2990,3125,2986,3165,2884,3155
300,3125,381,3125,381,3156,300,3156
512,3125,581,3125,581,3162,512,3162
2768,3125,2887,3125,2887,3156,2768,3156
400,3131,512,3131,512,3168,400,3168
581,3131,687,3131,687,3168,581,3168
775,3131,850,3131,850,3168,775,3168
681,3137,768,3137,768,3175,681,3175
856,3137,925,3137,925,3168,856,3168
1200,3134,1309,3144,1305,3184,1197,3174
925,3143,975,3143,975,3162,925,3162
1050,3143,1131,3143,1131,3181,1050,3181
1131,3143,1200,3143,1200,3181,1131,3181
1306,3143,1368,3143,1368,3187,1306,3187
1375,3150,1475,3150,1475,3181,1375,3181
1475,3150,1562,3150,1562,3187,1475,3187
1562,3145,1678,3156,1674,3192,1559,3180
1743,3150,1831,3150,1831,3193,1743,3193
2087,3150,2156,3150,2156,3181,2087,3181
2256,3150,2331,3150,2331,3187,2256,3187
2337,3150,2412,3150,2412,3187,2337,3187
2412,3150,2475,3150,2475,3187,2412,3187
81,3156,143,3156,143,3193,81,3193
1675,3156,1743,3156,1743,3193,1675,3193
1831,3156,1912,3156,1912,3193,1831,3193
1912,3156,1987,3156,1987,3193,1912,3193
2156,3156,2243,3156,2243,3175,2156,3175
2481,3156,2637,3156,2637,3187,2481,3187
2643,3156,2706,3156,2706,3187,2643,3187
2712,3156,2806,3156,2806,3193,2712,3193
2806,3156,2856,3156,2856,3193,2806,3193
143,3162,262,3162,262,3200,143,3200
268,3162,350,3162,350,3200,268,3200
356,3159,460,3171,455,3211,352,3199
2862,3162,2975,3162,2975,3193,2862,3193
462,3168,531,3168,531,3206,462,3206
537,3168,625,3168,625,3206,537,3206
631,3175,693,3175,693,3212,631,3212
700,3175,743,3175,743,3212,700,3212
750,3172,870,3181,867,3223,747,3214
881,3172,984,3182,980,3222,877,3212
1056,3179,1165,3187,1162,3226,1053,3218
2087,3181,2181,3181,2181,3218,2087,3218
2194,3178,2370,3185,2368,3225,2192,3218
1156,3187,1243,3187,1243,3218,1156,3218
1250,3187,1350,3187,1350,3225,1250,3225
1343,3187,1412,3187,1412,3225,1343,3225
1406,3187,1443,3187,1443,3225,1406,3225
2381,3187,2456,3187,2456,3225,2381,3225
2468,3187,2531,3187,2531,3225,2468,3225
2543,3187,2662,3187,2662,3225,2543,3225
2676,3184,2784,3194,2780,3234,2672,3224
1443,3193,1587,3193,1587,3225,1443,3225
1581,3193,1668,3193,1668,3231,1581,3231
2787,3193,2868,3193,2868,3225,2787,3225
2881,3193,2993,3193,2993,3231,2881,3231
81,3200,162,3200,162,3231,81,3231
1662,3200,1737,3200,1737,3231,1662,3231
1737,3200,1800,3200,1800,3231,1737,3231
1793,3200,1837,3200,1837,3231,1793,3231
1831,3200,1925,3200,1925,3231,1831,3231
1925,3200,1993,3200,1993,3237,1925,3237
156,3206,212,3206,212,3237,156,3237
212,3206,287,3206,287,3237,212,3237
281,3206,343,3206,343,3237,281,3237
343,3206,400,3206,400,3243,343,3243
406,3206,493,3206,493,3243,406,3243
525,3212,637,3212,637,3250,525,3250
637,3218,743,3218,743,3250,637,3250
743,3218,806,3218,806,3250,743,3250
806,3218,906,3218,906,3256,806,3256
906,3218,981,3218,981,3256,906,3256
2081,3218,2237,3218,2237,3250,2081,3250
1125,3225,1206,3225,1206,3262,1125,3262
1207,3221,1315,3230,1312,3270,1203,3261
2268,3225,2318,3225,2318,3256,2268,3256
2318,3225,2387,3225,2387,3256,2318,3256
2381,3225,2493,3225,2493,3256,2381,3256
2493,3225,2531,3225,2531,3250,2493,3250
2531,3225,2581,3225,2581,3256,2531,3256
1056,3231,1125,3231,1125,3262,1056,3262
1312,3231,1393,3231,1393,3268,1312,3268
1387,3231,1437,3231,1437,3262,1387,3262
1431,3228,1540,3237,1537,3276,1428,3267
1537,3231,1625,3231,1625,3268,1537,3268
2637,3231,2768,3231,2768,3262,2637,3262
2762,3231,2850,3231,2850,3262,2762,3262
2843,3231,2956,3231,2956,3262,2843,3262
2956,3231,2993,3231,2993,3262,2956,3262
150,3237,237,3237,237,3275,150,3275
81,3243,137,3243,137,3275,81,3275
237,3243,281,3243,281,3281,237,3281
281,3243,362,3243,362,3281,281,3281
356,3250,456,3250,456,3281,356,3281
456,3250,543,3250,543,3287,456,3287
556,3250,662,3250,662,3287,556,3287
2087,3249,2213,3256,2212,3287,2085,3279
2218,3256,2331,3256,2331,3293,2218,3293
2418,3256,2500,3256,2500,3293,2418,3293
656,3262,718,3262,718,3293,656,3293
718,3262,775,3262,775,3293,718,3293
768,3262,831,3262,831,3293,768,3293
831,3262,906,3262,906,3293,831,3293
906,3262,981,3262,981,3300,906,3300
2331,3262,2425,3262,2425,3293,2331,3293
1056,3275,1131,3275,1131,3312,1056,3312
1137,3275,1181,3275,1181,3312,1137,3312
87,3281,306,3281,306,3318,87,3318
1187,3281,1293,3281,1293,3318,1187,3318
1300,3281,1412,3281,1412,3312,1300,3312
1462,3281,1518,3281,1518,3318,1462,3318
1525,3281,1600,3281,1600,3318,1525,3318
337,3287,418,3287,418,3325,337,3325
1412,3287,1456,3287,1456,3318,1412,3318
1606,3287,1693,3287,1693,3325,1606,3325
1700,3287,1781,3287,1781,3325,1700,3325
412,3293,493,3293,493,3331,412,3331
500,3293,600,3293,600,3331,500,3331
593,3293,662,3293,662,3331,593,3331
1781,3293,1843,3293,1843,3325,1781,3325
1856,3293,1925,3293,1925,3331,1856,3331
1931,3300,1993,3300,1993,3331,1931,3331
2118,3300,2225,3300,2225,3331,2118,3331
2225,3300,2281,3300,2281,3331,2225,3331
2287,3300,2343,3300,2343,3331,2287,3331
2343,3300,2425,3300,2425,3337,2343,3337
2431,3300,2493,3300,2493,3331,2431,3331
2531,3300,2631,3300,2631,3337,2531,3337
2631,3306,2693,3306,2693,3337,2631,3337
2693,3306,2737,3306,2737,3337,2693,3337
2737,3306,2806,3306,2806,3337,2737,3337
2806,3306,2900,3306,2900,3343,2806,3343
1181,3312,1231,3312,1231,3350,1181,3350
2943,3312,2993,3312,2993,3343,2943,3343
1131,3318,1181,3318,1181,3350,1131,3350
1226,3314,1316,3324,1312,3365,1221,3355
1362,3318,1456,3318,1456,3356,1362,3356
93,3325,193,3325,193,3362,93,3362
1056,3325,1137,3325,1137,3356,1056,3356
1306,3325,1368,3325,1368,3356,1306,3356
1456,3325,1525,3325,1525,3362,1456,3362
1518,3325,1625,3325,1625,3362,1518,3362
193,3331,275,3331,275,3368,193,3368
268,3331,343,3331,343,3375,268,3375
1618,3331,1681,3331,1681,3362,1618,3362
1678,3337,1773,3325,1778,3362,1682,3374
1768,3331,1837,3331,1837,3368,1768,3368
2081,3331,2225,3331,2225,3356,2081,3356
2262,3331,2387,3331,2387,3368,2262,3368
1837,3337,1918,3337,1918,3368,1837,3368
1912,3337,1987,3337,1987,3375,1912,3375
2381,3337,2500,3337,2500,3368,2381,3368
2493,3337,2600,3337,2600,3368,2493,3368
2591,3339,2718,3332,2720,3368,2593,3376
343,3343,406,3343,406,3375,343,3375
406,3343,481,3343,481,3375,406,3375
475,3343,537,3343,537,3375,475,3375
531,3343,700,3343,700,3381,531,3381
2712,3343,2800,3343,2800,3375,2712,3375
2800,3343,2993,3343,2993,3381,2800,3381
693,3350,775,3350,775,3387,693,3387
775,3350,925,3350,925,3387,775,3387
1056,3356,1137,3356,1137,3393,1056,3393
1131,3356,1206,3356,1206,3393,1131,3393
1206,3362,1356,3362,1356,3400,1206,3400
1362,3362,1431,3362,1431,3400,1362,3400
2118,3362,2187,3362,2187,3400,2118,3400
1425,3368,1506,3368,1506,3406,1425,3406
1500,3368,1550,3368,1550,3400,1500,3400
1544,3364,1695,3375,1693,3415,1541,3404
2181,3368,2231,3368,2231,3393,2181,3393
2237,3368,2356,3368,2356,3400,2237,3400
1687,3375,1750,3375,1750,3406,1687,3406
1750,3375,1793,3375,1793,3406,1750,3406
1800,3375,1881,3375,1881,3412,1800,3412
1881,3375,1968,3375,1968,3412,1881,3412
2387,3375,2525,3375,2525,3400,2387,3400
2562,3375,2675,3375,2675,3406,2562,3406
2669,3370,2777,3381,2773,3418,2666,3407
2769,3369,2902,3380,2899,3417,2766,3406
2900,3381,2993,3381,2993,3412,2900,3412
2081,3400,2206,3400,2206,3431,2081,3431
2206,3395,2364,3405,2361,3440,2204,3431
1056,3406,1143,3406,1143,3443,1056,3443
1137,3406,1212,3406,1212,3443,1137,3443
1213,3404,1321,3412,1317,3454,1209,3445
2356,3406,2406,3406,2406,3437,2356,3437
2400,3406,2481,3406,2481,3437,2400,3437
2475,3406,2600,3406,2600,3443,2475,3443
1325,3412,1406,3412,1406,3443,1325,3443
2600,3412,2781,3412,2781,3450,2600,3450
2793,3412,2925,3412,2925,3450,2793,3450
1400,3418,1481,3418,1481,3450,1400,3450
1475,3418,1537,3418,1537,3450,1475,3450
1537,3418,1581,3418,1581,3450,1537,3450
1668,3418,1712,3418,1712,3456,1668,3456
1713,3415,1815,3426,1811,3466,1709,3455
1587,3425,1668,3425,1668,3462,1587,3462
1837,3425,1943,3425,1943,3462,1837,3462
2081,3437,2143,3437,2143,3475,2081,3475
2143,3437,2193,3437,2193,3475,2143,3475
2262,3443,2300,3443,2300,3468,2262,3468
2300,3443,2393,3443,2393,3481,2300,3481
2393,3443,2462,3443,2462,3481,2393,3481
2462,3450,2600,3450,2600,3487,2462,3487
2600,3450,2662,3450,2662,3481,2600,3481
2662,3450,2712,3450,2712,3481,2662,3481
2718,3450,2881,3450,2881,3487,2718,3487
2881,3456,2956,3456,2956,3487,2881,3487
1450,3487,1512,3487,1512,3518,1450,3518
1568,3487,1650,3487,1650,3512,1568,3512
1737,3493,1825,3493,1825,3525,1737,3525
1825,3493,1875,3493,1875,3525,1825,3525
1868,3493,1931,3493,1931,3525,1868,3525
1931,3500,1981,3500,1981,3525,1931,3525
1593,3518,1681,3518,1681,3543,1593,3543
1687,3518,1768,3518,1768,3550,1687,3550
