1893,868,2306,868,2306,993,1893,993
1793,900,1918,900,1918,1000,1793,1000
1513,913,1810,894,1818,1010,1520,1029
1069,939,1541,907,1549,1023,1077,1055
900,943,1100,943,1100,1056,900,1056
1556,1006,1675,1006,1675,1112,1556,1112
1662,1012,1787,1012,1787,1106,1662,1106
1393,1018,1487,1018,1487,1125,1393,1125
1468,1012,1575,1012,1575,1118,1468,1118
1868,1175,1937,1175,1937,1250,1868,1250
2000,1175,2075,1175,2075,1237,2000,1237
1231,1200,1312,1200,1312,1275,1231,1275
1100,1206,1175,1206,1175,1275,1100,1275
2181,1218,2243,1218,2243,1356,2181,1356
2100,1225,2181,1225,2181,1306,2100,1306
1906,1231,1981,1231,1981,1293,1906,1293
2250,1229,2333,1231,2318,1670,2235,1668
1700,1237,1781,1237,1781,1312,1700,1312
1762,1237,1843,1237,1843,1312,1762,1312
1837,1237,1906,1237,1906,1300,1837,1300
1312,1256,1400,1256,1400,1331,1312,1331
1450,1256,1518,1256,1518,1562,1450,1562
1631,1256,1687,1256,1687,1312,1631,1312
893,1262,956,1262,956,1681,893,1681
1075,1262,1150,1262,1150,1337,1075,1337
1131,1262,1193,1262,1193,1325,1131,1325
1250,1262,1325,1262,1325,1393,1250,1393
956,1268,1018,1268,1018,1343,956,1343
1018,1275,1075,1275,1075,1331,1018,1331
1956,1287,2043,1287,2043,1362,1956,1362
2025,1287,2118,1287,2118,1375,2025,1375
2100,1287,2187,1287,2187,1668,2100,1668
1843,1293,1900,1293,1900,1425,1843,1425
1900,1293,1975,1293,1975,1368,1900,1368
1625,1300,1693,1300,1693,1562,1625,1562
1700,1300,1762,1300,1762,1493,1700,1493
1768,1300,1837,1300,1837,1425,1768,1425
1318,1312,1393,1312,1393,1393,1318,1393
1137,1318,1193,1318,1193,1387,1137,1387
1072,1325,1195,1320,1204,1568,1081,1573
950,1331,1018,1331,1018,1387,950,1387
1900,1350,1962,1350,1962,1543,1900,1543
2181,1350,2237,1350,2237,1418,2181,1418
1318,1375,1387,1375,1387,1675,1318,1675
956,1381,1012,1381,1012,1506,956,1506
2181,1404,2249,1406,2241,1670,2173,1668
1756,1412,1831,1412,1831,1662,1756,1662
1837,1412,1900,1412,1900,1606,1837,1606
1256,1431,1318,1431,1318,1506,1256,1506
1012,1443,1075,1443,1075,1625,1012,1625
1693,1481,1756,1481,1756,1556,1693,1556
1906,1537,1962,1537,1962,1637,1906,1637
1687,1543,1762,1543,1762,1612,1687,1612
1081,1550,1137,1550,1137,1625,1081,1625
1137,1550,1193,1550,1193,1625,1137,1625
1450,1550,1512,1550,1512,1912,1450,1912
1625,1550,1706,1550,1706,1681,1625,1681
956,1556,1012,1556,1012,1675,956,1675
1693,1600,1756,1600,1756,1675,1693,1675
1018,1612,1068,1612,1068,1675,1018,1675
1081,1612,1137,1612,1137,1681,1081,1681
1137,1612,1193,1612,1193,1681,1137,1681
956,1668,1018,1668,1018,1850,956,1850
1012,1668,1075,1668,1075,1906,1012,1906
1081,1668,1137,1668,1137,1737,1081,1737
1137,1668,1193,1668,1193,1737,1137,1737
1325,1668,1387,1668,1387,1737,1325,1737
893,1675,956,1675,956,1850,893,1850
1081,1725,1137,1725,1137,1793,1081,1793
1137,1725,1193,1725,1193,1793,1137,1793
1393,1743,1437,1743,1437,1850,1393,1850
1075,1781,1143,1781,1143,1912,1075,1912
1131,1787,1193,1787,1193,1912,1131,1912
893,1837,950,1837,950,1950,893,1950
946,1838,1012,1835,1020,2018,955,2021
1316,1843,1387,1843,1381,2787,1309,2787
1387,1843,1443,1843,1443,2025,1387,2025
1012,1900,1075,1900,1075,1968,1012,1968
1075,1900,1143,1900,1143,1968,1075,1968
1137,1900,1193,1900,1193,1962,1137,1962
1443,1900,1512,1900,1512,2031,1443,2031
1012,1956,1075,1956,1075,2025,1012,2025
1075,1956,1137,1956,1137,2081,1075,2081
1387,2012,1437,2012,1437,2087,1387,2087
1450,2081,1506,2081,1506,2150,1450,2150
1075,2131,1143,2131,1143,2193,1075,2193
1437,2137,1506,2137,1506,2793,1437,2793
887,2181,950,2181,950,2537,887,2537
1075,2181,1137,2181,1137,2312,1075,2312
1137,2193,1187,2193,1187,2250,1137,2250
950,2237,1012,2237,1012,2425,950,2425
1012,2243,1068,2243,1068,2425,1012,2425
1131,2243,1187,2243,1187,2312,1131,2312
1137,2300,1187,2300,1187,2368,1137,2368
1075,2306,1137,2306,1137,2656,1075,2656
1381,2318,1437,2318,1437,2443,1381,2443
1131,2362,1187,2362,1187,2431,1131,2431
881,2412,1012,2412,1012,2825,881,2825
1006,2418,1068,2418,1068,2768,1006,2768
1125,2418,1187,2418,1187,2487,1125,2487
1381,2431,1437,2431,1437,2612,1381,2612
1131,2475,1187,2475,1187,2543,1131,2543
1131,2531,1187,2531,1187,2600,1131,2600
1131,2593,1187,2593,1187,2656,1131,2656
1381,2600,1437,2600,1437,2787,1381,2787
1068,2643,1131,2643,1131,2831,1068,2831
1131,2643,1187,2643,1187,2768,1131,2768
1006,2756,1068,2756,1068,2881,1006,2881
893,2806,943,2806,943,2931,893,2931
1068,2818,1125,2818,1125,2887,1068,2887
937,2875,1000,2875,1000,2931,937,2931
1006,2875,1062,2875,1062,2937,1006,2937
1068,2881,1125,2881,1125,2943,1068,2943
1250,2887,1325,2887,1325,2962,1250,2962
1306,2900,1387,2900,1387,2962,1306,2962
1375,2900,1443,2900,1443,2968,1375,2968
1437,2906,1500,2906,1500,2968,1437,2968
887,2925,950,2925,950,2987,887,2987
943,2925,1000,2925,1000,3056,943,3056
1006,2931,1062,2931,1062,3000,1006,3000
1068,2937,1125,2937,1125,3000,1068,3000
887,2975,943,2975,943,3050,887,3050
1006,2987,1068,2987,1068,3056,1006,3056
1068,2993,1131,2993,1131,3062,1068,3062
887,3037,943,3037,943,3100,887,3100
956,3050,1000,3050,1000,3162,956,3162
1012,3050,1068,3050,1068,3162,1012,3162
1062,3056,1125,3056,1125,3125,1062,3125
1293,3068,1531,3068,1531,3331,1293,3331
1068,3225,1125,3225,1125,3287,1068,3287
1693,3343,1762,3343,1762,3406,1693,3406
1750,3350,1893,3350,1893,3412,1750,3412
1881,3356,1956,3356,1956,3412,1881,3412
1950,3368,2025,3368,2025,3431,1950,3431
2012,3368,2093,3368,2093,3431,2012,3431
2081,3381,2156,3381,2156,3443,2081,3443
2150,3387,2225,3387,2225,3450,2150,3450
1731,3393,1793,3393,1793,3462,1731,3462
1781,3406,1868,3406,1868,3475,1781,3475
1856,3412,1931,3412,1931,3487,1856,3487
1918,3418,1993,3418,1993,3487,1918,3487
1987,3425,2056,3425,2056,3493,1987,3493
2043,3437,2112,3437,2112,3493,2043,3493
