1375,693,1543,693,1543,750,1375,750
1006,743,1068,743,1068,812,1006,812
1100,750,1275,750,1275,812,1100,812
1268,750,1325,750,1325,806,1268,806
1325,750,1437,750,1437,812,1325,812
1425,756,1543,756,1543,812,1425,812
1531,756,1700,756,1700,812,1531,812
1318,800,1387,800,1387,868,1318,868
1006,806,1062,806,1062,868,1006,868
1093,806,1212,806,1212,862,1093,862
1206,806,1268,806,1268,868,1206,868
1262,806,1331,806,1331,875,1262,875
1375,806,1443,806,1443,868,1375,868
1431,806,1493,806,1493,868,1431,868
1481,812,1656,812,1656,868,1481,868
1106,868,1268,868,1268,925,1106,925
1318,868,1437,868,1437,931,1318,931
1425,868,1493,868,1493,981,1425,981
1481,868,1543,868,1543,931,1481,931
1531,868,1650,868,1650,931,1531,931
1643,868,1800,868,1800,950,1643,950
1262,875,1325,875,1325,937,1262,937
1481,918,1543,918,1543,987,1481,987
1531,925,1593,925,1593,987,1531,987
1100,931,1268,931,1268,993,1100,993
1256,931,1325,931,1325,993,1256,993
1318,931,1387,931,1387,1000,1318,1000
1581,931,1706,931,1706,993,1581,993
1375,937,1437,937,1437,993,1375,993
1087,987,1268,987,1268,1112,1087,1112
1318,987,1550,987,1550,1093,1318,1093
1537,987,1600,987,1600,1050,1537,1050
1587,987,1750,987,1750,1050,1587,1050
1743,987,1800,987,1800,1043,1743,1043
1093,993,1212,993,1212,1050,1093,1050
1256,993,1337,993,1337,1106,1256,1106
1581,1043,1712,1043,1712,1175,1581,1175
1637,1043,1706,1043,1706,1106,1637,1106
1425,1050,1543,1050,1543,1118,1425,1118
1531,1050,1593,1050,1593,1106,1531,1106
1693,1050,1750,1050,1750,1106,1693,1106
1743,1050,1800,1050,1800,1100,1743,1100
1100,1100,1275,1100,1275,1162,1100,1162
1425,1106,1543,1106,1543,1168,1425,1168
1531,1106,1593,1106,1593,1162,1531,1162
1693,1106,1756,1106,1756,1162,1693,1162
1743,1106,1806,1106,1806,1162,1743,1162
1268,1112,1375,1112,1375,1162,1268,1162
1206,1162,1268,1162,1268,1212,1206,1212
1256,1162,1368,1162,1368,1218,1256,1218
1431,1168,1537,1168,1537,1231,1431,1231
1537,1168,1593,1168,1593,1231,1537,1231
1581,1168,1756,1168,1756,1237,1581,1237
1756,1175,1806,1175,1806,1218,1756,1218
1093,1225,1162,1225,1162,1293,1093,1293
1150,1219,1333,1229,1330,1296,1147,1287
1318,1225,1543,1225,1543,1287,1318,1287
1531,1225,1593,1225,1593,1293,1531,1293
1762,1231,1806,1231,1806,1281,1762,1281
1581,1231,1650,1231,1650,1293,1581,1293
1637,1231,1756,1231,1756,1287,1637,1287
1318,1281,1550,1281,1550,1418,1318,1418
1150,1287,1225,1287,1225,1356,1150,1356
1206,1287,1268,1287,1268,1350,1206,1350
1256,1287,1325,1287,1325,1356,1256,1356
1693,1287,1750,1287,1750,1350,1693,1350
1093,1293,1162,1293,1162,1350,1093,1350
1531,1293,1593,1293,1593,1350,1531,1350
1643,1293,1706,1293,1706,1350,1643,1350
1093,1343,1156,1343,1156,1406,1093,1406
1206,1343,1268,1343,1268,1412,1206,1412
1756,1343,1806,1343,1806,1412,1756,1412
1143,1350,1218,1350,1218,1406,1143,1406
1425,1350,1487,1350,1487,1406,1425,1406
1468,1350,1543,1350,1543,1412,1468,1412
1531,1350,1593,1350,1593,1406,1531,1406
1637,1350,1750,1350,1750,1418,1637,1418
1256,1356,1331,1356,1331,1406,1256,1406
1106,1406,1143,1406,1143,1475,1106,1475
1150,1400,1425,1400,1425,1475,1150,1475
1693,1400,1750,1400,1750,1468,1693,1468
1431,1406,1543,1406,1543,1481,1431,1481
1643,1406,1700,1406,1700,1468,1643,1468
1531,1412,1593,1412,1593,1468,1531,1468
1643,1462,1706,1462,1706,1531,1643,1531
1700,1462,1800,1462,1800,1525,1700,1525
1206,1468,1268,1468,1268,1537,1206,1537
1256,1468,1425,1468,1425,1537,1256,1537
1418,1468,1537,1468,1537,1550,1418,1550
1150,1475,1212,1475,1212,1531,1150,1531
1531,1475,1593,1475,1593,1531,1531,1531
1093,1481,1162,1481,1162,1543,1093,1543
1193,1531,1318,1531,1318,1593,1193,1593
1318,1531,1425,1531,1425,1587,1318,1587
1431,1531,1600,1531,1600,1600,1431,1600
1693,1531,1806,1531,1806,1593,1693,1593
1093,1537,1156,1537,1156,1600,1093,1600
1143,1537,1212,1537,1212,1600,1143,1600
1631,1537,1700,1537,1700,1600,1631,1600
1700,1581,1806,1581,1806,1662,1700,1662
1093,1593,1156,1593,1156,1656,1093,1656
1150,1593,1206,1593,1206,1656,1150,1656
1200,1593,1262,1593,1262,1662,1200,1662
1256,1593,1381,1593,1381,1656,1256,1656
1368,1593,1431,1593,1431,1656,1368,1656
1425,1593,1487,1593,1487,1656,1425,1656
1475,1593,1600,1593,1600,1650,1475,1650
1637,1593,1700,1593,1700,1662,1637,1662
1531,1643,1593,1643,1593,1706,1531,1706
1200,1650,1262,1650,1262,1712,1200,1712
1350,1650,1431,1650,1431,1781,1350,1781
1425,1650,1537,1650,1537,1718,1425,1718
1262,1656,1375,1656,1375,1718,1262,1718
1693,1656,1762,1656,1762,1781,1693,1781
1143,1706,1262,1706,1262,1775,1143,1775
1081,1712,1156,1712,1156,1775,1081,1775
1256,1712,1362,1712,1362,1781,1256,1781
1425,1712,1481,1712,1481,1768,1425,1768
1475,1712,1537,1712,1537,1775,1475,1775
1537,1718,1593,1718,1593,1781,1537,1781
356,1737,556,1737,556,1837,356,1837
1200,1768,1262,1768,1262,1837,1200,1837
1081,1775,1206,1775,1206,1843,1081,1843
1256,1775,1318,1775,1318,1843,1256,1843
1431,1775,1537,1775,1537,1843,1431,1843
1537,1775,1593,1775,1593,1843,1537,1843
1312,1781,1431,1781,1431,1906,1312,1906
1693,1781,1750,1781,1750,1912,1693,1912
1081,1837,1143,1837,1143,1975,1081,1975
1143,1837,1256,1837,1256,1906,1143,1906
1475,1837,1593,1837,1593,1906,1475,1906
1262,1843,1375,1843,1375,1906,1262,1906
1431,1843,1481,1843,1481,1900,1431,1900
1262,1893,1425,1893,1425,1968,1262,1968
1143,1900,1262,1900,1262,1975,1143,1975
1431,1900,1537,1900,1537,1962,1431,1962
1537,1906,1606,1906,1606,1962,1537,1962
1531,1956,1600,1956,1600,2025,1531,2025
1137,1956,1268,1956,1268,2118,1137,2118
1300,1956,1493,1956,1493,2162,1300,2162
1425,1962,1543,1962,1543,2031,1425,2031
1687,1962,1762,1962,1762,2037,1687,2037
1087,1968,1143,1968,1143,2031,1087,2031
1481,2018,1600,2018,1600,2093,1481,2093
1697,2022,1765,2026,1755,2227,1687,2223
1300,2087,1368,2087,1368,2168,1300,2168
1481,2087,1600,2087,1600,2156,1481,2156
1137,2093,1262,2093,1262,2187,1137,2187
1381,2150,1425,2150,1425,2225,1381,2225
1431,2150,1600,2150,1600,2225,1431,2225
1256,2156,1375,2156,1375,2218,1256,2218
1193,2168,1256,2168,1256,2231,1193,2231
1081,2212,1200,2212,1200,2287,1081,2287
1250,2212,1368,2212,1368,2293,1250,2293
1368,2212,1425,2212,1425,2287,1368,2287
1425,2212,1543,2212,1543,2287,1425,2287
1543,2212,1600,2212,1600,2281,1543,2281
1187,2225,1250,2225,1250,2350,1187,2350
1075,2275,1200,2275,1200,2350,1075,2350
1262,2275,1437,2275,1437,2356,1262,2356
1481,2281,1600,2281,1600,2356,1481,2356
1068,2331,1200,2331,1200,2418,1068,2418
1187,2337,1256,2337,1256,2443,1187,2443
1250,2343,1312,2343,1312,2412,1250,2412
1306,2343,1362,2343,1362,2412,1306,2412
1362,2343,1425,2343,1425,2418,1362,2418
1475,2350,1531,2350,1531,2412,1475,2412
1531,2350,1593,2350,1593,2418,1531,2418
1250,2412,1312,2412,1312,2475,1250,2475
1075,2418,1168,2418,1168,2487,1075,2487
1243,2412,1375,2412,1375,2556,1243,2556
1368,2418,1431,2418,1431,2487,1368,2487
1475,2418,1537,2418,1537,2487,1475,2487
1537,2418,1593,2418,1593,2556,1537,2556
1181,2431,1250,2431,1250,2575,1181,2575
1362,2475,1437,2475,1437,2556,1362,2556
1075,2481,1193,2481,1193,2556,1075,2556
1468,2481,1531,2481,1531,2556,1468,2556
1250,2537,1318,2537,1318,2606,1250,2606
1072,2521,1265,2579,1241,2660,1048,2602
1306,2543,1425,2543,1425,2612,1306,2612
1475,2543,1537,2543,1537,2687,1475,2687
1537,2543,1593,2543,1593,2612,1537,2612
1301,2613,1422,2602,1428,2667,1307,2678
1537,2606,1593,2606,1593,2737,1537,2737
1125,2612,1193,2612,1193,2668,1125,2668
1243,2612,1431,2612,1431,2750,1243,2750
1181,2637,1256,2637,1256,2712,1181,2712
1481,2681,1537,2681,1537,2737,1481,2737
1181,2706,1237,2706,1237,2775,1181,2775
1475,2737,1600,2737,1600,2818,1475,2818
1362,2743,1437,2743,1437,2825,1362,2825
1243,2750,1375,2750,1375,2818,1243,2818
1181,2775,1237,2775,1237,2850,1181,2850
1356,2818,1437,2818,1437,2893,1356,2893
1475,2818,1543,2818,1543,2893,1475,2893
1250,2825,1375,2825,1375,2900,1250,2900
1175,2850,1237,2850,1237,2912,1175,2912
1237,2881,1437,2881,1437,3031,1237,3031
1356,2887,1431,2887,1431,2950,1356,2950
1181,2912,1243,2912,1243,2975,1181,2975
1175,2962,1243,2962,1243,3043,1175,3043
1250,3018,1362,3018,1362,3087,1250,3087
1362,3018,1437,3018,1437,3081,1362,3081
1156,3031,1243,3031,1243,3106,1156,3106
1240,3088,1424,3077,1428,3151,1244,3162
