743,625,875,625,875,693,743,693
708,644,909,688,757,1388,557,1345
3028,747,3157,728,3279,1549,3151,1568
2899,821,2991,809,3025,1078,2933,1090
2600,825,2687,825,2687,993,2600,993
2725,828,2852,816,2995,2271,2867,2284
2606,975,2693,975,2693,1050,2606,1050
2609,1032,2717,1026,2737,1397,2629,1403
2893,1061,3020,1045,3180,2277,3052,2293
568,1337,737,1337,737,1425,568,1425
2626,1376,2744,1369,2765,1723,2647,1730
543,1418,718,1418,718,1506,543,1506
531,1500,700,1500,700,1593,531,1593
3132,1535,3269,1515,3363,2167,3226,2187
506,1587,681,1587,681,1675,506,1675
487,1675,656,1675,656,1762,487,1762
2650,1700,2768,1700,2768,1962,2650,1962
3231,2150,3350,2150,3350,2262,3231,2262
812,2281,918,2281,918,2325,812,2325
925,2293,987,2293,987,2331,925,2331
2212,2318,2300,2318,2300,2356,2212,2356
2306,2325,2418,2325,2418,2362,2306,2362
781,2356,887,2356,887,2393,781,2393
775,2393,825,2393,825,2431,775,2431
2200,2393,2300,2393,2300,2431,2200,2431
825,2400,875,2400,875,2431,825,2431
875,2400,950,2400,950,2437,875,2437
2300,2400,2368,2400,2368,2431,2300,2431
2368,2400,2443,2400,2443,2431,2368,2431
2450,2396,2546,2406,2542,2440,2446,2430
950,2406,1043,2406,1043,2437,950,2437
1168,2406,1231,2406,1231,2443,1168,2443
2550,2406,2593,2406,2593,2431,2550,2431
2600,2406,2650,2406,2650,2437,2600,2437
2656,2406,2712,2406,2712,2437,2656,2437
2718,2406,2793,2406,2793,2437,2718,2437
2800,2406,2856,2406,2856,2437,2800,2437
2918,2406,2987,2406,2987,2443,2918,2443
1237,2412,1350,2412,1350,2443,1237,2443
1350,2412,1406,2412,1406,2443,1350,2443
1518,2412,1631,2412,1631,2450,1518,2450
2993,2412,3100,2412,3100,2443,2993,2443
3119,2407,3239,2418,3236,2454,3115,2443
3243,2412,3343,2412,3343,2450,3243,2450
3343,2412,3425,2412,3425,2450,3343,2450
3431,2412,3562,2412,3562,2450,3431,2450
1631,2418,1725,2418,1725,2450,1631,2450
1725,2418,1793,2418,1793,2456,1725,2456
1793,2418,1925,2418,1925,2462,1793,2462
1931,2425,2037,2425,2037,2462,1931,2462
2200,2428,2309,2437,2306,2477,2196,2467
2306,2431,2381,2431,2381,2468,2306,2468
762,2437,868,2437,868,2475,762,2475
2463,2434,2541,2444,2536,2479,2459,2469
2550,2437,2625,2437,2625,2475,2550,2475
862,2443,918,2443,918,2475,862,2475
925,2443,1081,2443,1081,2481,925,2481
2625,2443,2725,2443,2725,2468,2625,2468
2868,2443,2956,2443,2956,2481,2868,2481
1081,2450,1175,2450,1175,2481,1081,2481
1168,2450,1231,2450,1231,2481,1168,2481
1231,2450,1312,2450,1312,2487,1231,2487
2731,2450,2862,2450,2862,2481,2731,2481
2968,2450,3056,2450,3056,2487,2968,2487
3056,2450,3131,2450,3131,2481,3056,2481
1312,2456,1393,2456,1393,2487,1312,2487
1387,2456,1493,2456,1493,2487,1387,2487
1500,2451,1602,2460,1599,2496,1497,2487
1600,2456,1650,2456,1650,2493,1600,2493
1650,2456,1718,2456,1718,2493,1650,2493
1725,2456,1806,2456,1806,2493,1725,2493
3125,2456,3231,2456,3231,2481,3125,2481
3237,2456,3343,2456,3343,2487,3237,2487
3337,2456,3381,2456,3381,2481,3337,2481
3481,2456,3568,2456,3568,2493,3481,2493
1806,2462,1856,2462,1856,2500,1806,2500
1943,2460,2034,2469,2030,2508,1940,2499
3393,2462,3481,2462,3481,2493,3393,2493
1862,2468,1937,2468,1937,2500,1862,2500
2356,2475,2425,2475,2425,2512,2356,2512
856,2481,1025,2481,1025,2518,856,2518
2512,2481,2562,2481,2562,2518,2512,2518
2600,2481,2700,2481,2700,2518,2600,2518
1037,2487,1093,2487,1093,2518,1037,2518
1087,2487,1131,2487,1131,2512,1087,2512
1137,2487,1306,2487,1306,2525,1137,2525
2700,2487,2781,2487,2781,2518,2700,2518
2781,2487,2862,2487,2862,2518,2781,2518
2856,2487,2931,2487,2931,2518,2856,2518
2931,2487,3012,2487,3012,2525,2931,2525
3006,2487,3106,2487,3106,2525,3006,2525
1300,2493,1356,2493,1356,2525,1300,2525
1356,2493,1418,2493,1418,2525,1356,2525
1412,2493,1506,2493,1506,2531,1412,2531
3100,2493,3156,2493,3156,2525,3100,2525
3150,2493,3200,2493,3200,2525,3150,2525
3200,2493,3256,2493,3256,2525,3200,2525
3262,2493,3412,2493,3412,2531,3262,2531
1506,2500,1556,2500,1556,2531,1506,2531
1556,2500,1662,2500,1662,2531,1556,2531
1662,2500,1718,2500,1718,2531,1662,2531
3418,2500,3575,2500,3575,2531,3418,2531
1875,2506,1943,2506,1943,2543,1875,2543
1937,2506,2006,2506,2006,2543,1937,2543
2000,2512,2112,2512,2112,2543,2000,2543
806,2518,856,2518,856,2556,806,2556
2375,2518,2487,2518,2487,2556,2375,2556
862,2525,918,2525,918,2556,862,2556
918,2525,1006,2525,1006,2556,918,2556
1018,2525,1106,2525,1106,2562,1018,2562
1112,2525,1193,2525,1193,2562,1112,2562
1268,2531,1331,2531,1331,2568,1268,2568
1331,2531,1437,2531,1437,2568,1331,2568
2825,2531,2925,2531,2925,2556,2825,2556
1437,2537,1500,2537,1500,2568,1437,2568
1587,2537,1675,2537,1675,2575,1587,2575
3006,2537,3106,2537,3106,2568,3006,2568
3200,2537,3262,2537,3262,2568,3200,2568
3268,2537,3356,2537,3356,2568,3268,2568
3356,2537,3443,2537,3443,2575,3356,2575
3450,2537,3531,2537,3531,2575,3450,2575
1681,2543,1775,2543,1775,2575,1681,2575
1775,2543,1881,2543,1881,2581,1775,2581
3531,2543,3587,2543,3587,2575,3531,2575
2031,2556,2112,2556,2112,2587,2031,2587
2193,2556,2306,2556,2306,2593,2193,2593
2300,2556,2381,2556,2381,2593,2300,2593
819,2558,920,2567,917,2595,817,2586
975,2562,1050,2562,1050,2600,975,2600
2456,2562,2537,2562,2537,2600,2456,2600
2550,2562,2637,2562,2637,2600,2550,2600
918,2568,975,2568,975,2600,918,2600
2637,2568,2731,2568,2731,2600,2637,2600
1043,2575,1200,2575,1200,2600,1043,2600
1437,2575,1525,2575,1525,2612,1437,2612
2731,2575,2818,2575,2818,2606,2731,2606
3068,2575,3143,2575,3143,2600,3068,2600
3150,2575,3225,2575,3225,2612,3150,2612
1293,2581,1368,2581,1368,2606,1293,2606
1518,2581,1637,2581,1637,2618,1518,2618
1631,2581,1687,2581,1687,2618,1631,2618
1700,2581,1806,2581,1806,2618,1700,2618
3225,2581,3275,2581,3275,2612,3225,2612
3281,2581,3356,2581,3356,2612,3281,2612
1875,2587,1943,2587,1943,2625,1875,2625
3431,2587,3525,2587,3525,2618,3431,2618
3518,2587,3593,2587,3593,2618,3518,2618
1943,2593,2043,2593,2043,2625,1943,2625
825,2597,933,2607,930,2640,822,2630
2194,2598,2283,2607,2280,2634,2191,2626
2337,2600,2425,2600,2425,2637,2337,2637
2612,2606,2700,2606,2700,2643,2612,2643
2693,2612,2775,2612,2775,2637,2693,2637
1212,2618,1331,2618,1331,2650,1212,2650
1343,2625,1537,2625,1537,2656,1343,2656
2200,2637,2368,2637,2368,2675,2200,2675
2368,2643,2462,2643,2462,2681,2368,2681
2712,2656,2800,2656,2800,2687,2712,2687
2925,2653,3039,2663,3036,2699,2922,2689
3087,2662,3187,2662,3187,2693,3087,2693
